400
20
12
4
7
2
14
6
8
49
3
54
25
17
11
1
5
7
8
4
2
4
5
6
8
5
14
6
8
49
3
54
25
17
11
3
2
4
5
6
8
49
3
54
25
17
11
1
5
7
8
2
4
5
6
8
49
3
54
25
17
11
1
5
7
8
4
5
6
8
5
3
4
45
6
67
2
4
2
5
7
4
3
2
4
5
6
8
49
3
54
25
17
11
1
5
7
8
4
5
6
8
49
3
54
25
17
11
1
5
7
8
4
5
1
8
4
2
5
7
13
56
5
5
3
2
1
3
5
6
8
9
1
14
6
8
49
3
54
25
17
11
2
1
1
1
7
8
4
2
4
5
6
8
5
3
4
45
6
67
2
134
13
56
5
14
6
8
49
3
54
25
17
11
3
2
4
5
6
8
49
3
54
25
17
11
1
5
7
8
2
4
5
6
8
49
3
54
25
17
11
1
5
7
14
6
8
49
3
54
25
17
11
3
2
4
5
6
8
49
3
54
25
17
11
1
5
7
8
4
5
6
8
49
3
54
25
17
11
1
5
7
8
4
5
1
8
4
2
5
7
13
56
5
5
3
2
1
3
5
6
6
8
49
3
54
25
17
11
1
5
7
8
2
4
5
6
8
49
3
54
25
17
11
1
5
7
8
9
1
2
3
4
5
1
14
6
8
49
3
54
25
17
11
3
54
4
5
6
8
8
9
1
2
3
14
6
8
49
3
54
3
54
5
8
9
1
14
6
8
49
3
54
25
17
11
8
4
2
5
7
3
54
3
2
1
1
1
3
3
54
25
17
11
3
54
4
5
6
8
8
9
1
2
3
14
6
8
49
3
54
3
54
5
8
9
1
14
6
8
49
3
54
25
17
11
8
4
2
5
7
3
54
3
2
1
5
6
77
29
299